0.05 0.1 0.15 0.2 0.25 0.3 0.35 0.4 0.45 0.5 0.55 0.6 0.65 0.7 0.75 0.8 0.85 0.9 0.95

0.728494623656 0.693847072879 0.689366786141 0.690262843489 0.687574671446
0.716845878136 0.665173237754 0.662186379928 0.662186379928 0.662485065711
0.706989247312 0.65651135006 0.652628434886 0.653225806452 0.654420549582
0.707885304659 0.649342891278 0.644563918757 0.646356033453 0.646654719235
0.702508960573 0.643070489845 0.628434886499 0.637096774194 0.639486260454
0.690860215054 0.639486260454 0.626941457587 0.636499402628 0.634707287933
0.678315412186 0.631123058542 0.609020310633 0.621266427718 0.617383512545
0.684289127838 0.607228195938 0.578853046595 0.602150537634 0.598864994026
0.677120669056 0.565710872162 0.536439665472 0.547192353644 0.560633213859
0.64486260454 0.557646356033 0.479091995221 0.507765830346 0.527479091995
0.643369175627 0.518817204301 0.438172043011 0.466248506571 0.506272401434
0.629928315412 0.493428912784 0.412485065711 0.450716845878 0.478793309438
0.617682198327 0.474910394265 0.397849462366 0.416367980884 0.451314217443
0.597670250896 0.465053763441 0.376344086022 0.376344086022 0.420250896057
0.589008363202 0.457287933094 0.35633213859 0.366487455197 0.413679808841
0.584826762246 0.446535244922 0.346475507766 0.359318996416 0.405615292712
0.572879330944 0.439665471924 0.339008363202 0.347670250896 0.3972520908
0.569295101553 0.433990442055 0.332735961768 0.34229390681 0.394265232975
0.55256869773 0.420848267622 0.329749103943 0.347968936679 0.38082437276
