0.05 0.1 0.15 0.2 0.25 0.3 0.35 0.4 0.45 0.5 0.55 0.6 0.65 0.7 0.75 0.8 0.85 0.9 0.95

0.729988052569 0.693548387097 0.689068100358 0.688172043011 0.706690561529
0.715949820789 0.665173237754 0.661290322581 0.660692951016 0.693249701314
0.709677419355 0.65651135006 0.652031063321 0.651135005974 0.687574671446
0.701015531661 0.649044205496 0.644265232975 0.642771804062 0.681899641577
0.701314217443 0.64247311828 0.627538829152 0.627837514934 0.668757467145
0.695937873357 0.638888888889 0.625746714456 0.626642771804 0.666666666667
0.683691756272 0.629928315412 0.60633213859 0.60513739546 0.657407407407
0.673237753883 0.607228195938 0.576164874552 0.569295101553 0.636798088411
0.676224611708 0.563918757467 0.532855436081 0.51403823178 0.620669056153
0.654420549582 0.554659498208 0.472819593787 0.461170848268 0.582138590203
0.650836320191 0.517323775388 0.430406212664 0.427419354839 0.569295101553
0.639784946237 0.489844683393 0.403225806452 0.415173237754 0.556750298686
0.626344086022 0.471624850657 0.386200716846 0.39605734767 0.551075268817
0.604540023895 0.459378733572 0.360513739546 0.367084826762 0.531063321386
0.600358422939 0.451015531661 0.342592592593 0.35633213859 0.522401433692
0.582437275986 0.440561529271 0.330047789725 0.350955794504 0.512246117085
0.555256869773 0.43339307049 0.321385902031 0.345878136201 0.503584229391
0.565113500597 0.427120669056 0.313022700119 0.343189964158 0.49761051374
0.562724014337 0.414575866189 0.308243727599 0.342592592593 0.493428912784
