0.05 0.1 0.15 0.2 0.25 0.3 0.35 0.4 0.45 0.5 0.55 0.6 0.65 0.7 0.75 0.8 0.85 0.9 0.95

0.729988052569 0.696833930705 0.692652329749 0.689964157706 0.735364396655
0.711170848268 0.678315412186 0.672043010753 0.669653524492 0.729390681004
0.706093189964 0.673536439665 0.668757467145 0.661589008363 0.725209080048
0.703703703704 0.669056152927 0.658602150538 0.653225806452 0.720430107527
0.701314217443 0.661589008363 0.642771804062 0.635902031063 0.715053763441
0.693249701314 0.656810035842 0.645459976105 0.635902031063 0.713261648746
0.686379928315 0.643070489845 0.623655913978 0.613799283154 0.705495818399
0.679510155317 0.619772998805 0.594982078853 0.585722819594 0.701911589008
0.67174432497 0.587514934289 0.552270011947 0.549581839904 0.69504181601
0.65651135006 0.576164874552 0.484468339307 0.485065710872 0.674432497013
0.639187574671 0.542413381123 0.445937873357 0.439964157706 0.672341696535
0.625149342891 0.52807646356 0.426821983274 0.436081242533 0.667861409797
0.613799283154 0.510155316607 0.412186379928 0.4229390681 0.664277180406
0.610513739546 0.509856630824 0.400537634409 0.409498207885 0.650836320191
0.59468339307 0.51164874552 0.385304659498 0.389784946237 0.64366786141
0.586618876941 0.505077658303 0.374850657109 0.385005973716 0.640382317802
0.573775388292 0.502688172043 0.36798088411 0.382317801673 0.633811230585
0.571983273596 0.495221027479 0.360513739546 0.382616487455 0.630227001195
0.557646356033 0.489545997611 0.357228195938 0.382616487455 0.628733572282
