0.05 0.1 0.15 0.2 0.25 0.3 0.35 0.4 0.45 0.5 0.55 0.6 0.65 0.7 0.75 0.8 0.85 0.9 0.95

0.00936796232927 0.00933871486649 0.0133078044765 0.0103991443028 0.00685002166971
0.0141626660316 0.0166272870471 0.0181391719625 0.0183031666646 0.0183376368886
0.0416466970088 0.0381187650888 0.0600033495264 0.0507392303187 0.0383476136391
0.0697539810367 0.0635038744704 0.0749510705644 0.0755823277886 0.0682399192672
0.0640192817913 0.0675653319957 0.0886783362171 0.0950432005517 0.0708469714289
0.0853764551702 0.0969770870077 0.146139067656 0.1294629371 0.098159822599
0.0931630235427 0.113616494497 0.146656433342 0.145868767613 0.109056535155
0.125522671278 0.132036299733 0.158664814235 0.175922307421 0.134094259209
0.15308197387 0.156508001264 0.228129263865 0.220443073035 0.176873380167
0.150737904911 0.16588708366 0.247301832267 0.234594405018 0.195078676089
0.161441954256 0.177758565544 0.267930962927 0.258927363922 0.209826301569
0.177739151987 0.186851837301 0.305080184006 0.304581017942 0.213986042264
0.195266992934 0.188133862147 0.282158948658 0.273872272569 0.222284869779
0.23029120162 0.224967014253 0.328282973388 0.321470228781 0.268341018579
0.232722484227 0.239082521542 0.353378509389 0.340885002724 0.285689504487
0.233521703456 0.244152028765 0.341041891827 0.338899776238 0.269836756714
0.259506069896 0.282277303556 0.422853225311 0.40900984805 0.317661608349
0.291734086053 0.273677153222 0.412249261146 0.391915931229 0.33129260532
0.264428962148 0.281777140587 0.38067683539 0.378483205071 0.314184899757
