0.05 0.1 0.15 0.2 0.25 0.3 0.35 0.4 0.45 0.5 0.55 0.6 0.65 0.7 0.75 0.8 0.85 0.9 0.95

0.22703223033 0.233272005371 0.228228259246 0.228227059586 0.226635046862
0.230300462938 0.246090063115 0.235110961193 0.234693132715 0.228471545902
0.232982341372 0.261311584942 0.242519254277 0.239654104117 0.231298350261
0.235044289185 0.274269971064 0.254006477136 0.251810167964 0.234997047982
0.24088074543 0.289866696397 0.263262206732 0.260093110514 0.241557542097
0.243694367194 0.303356743455 0.266793269725 0.263067655503 0.243818623626
0.252469472655 0.324101738767 0.2829938655 0.281513813853 0.251393999498
0.252172854528 0.339427475329 0.277743988189 0.275158446888 0.252051215913
0.2512051494 0.333488424372 0.281487770394 0.282113236813 0.25590202419
0.281156424437 0.355564774111 0.38121601366 0.376290208748 0.291850269169
0.288552848221 0.438325583641 0.39673240116 0.389528656081 0.293137274245
0.296430315617 0.504683254412 0.420833815678 0.406294410335 0.304142168189
0.319096115167 0.529337080746 0.434651460638 0.424105959515 0.309113096092
0.348162803719 0.570317060096 0.470972859353 0.464141042726 0.340330510712
0.359569509434 0.613295342572 0.486092861391 0.473058231929 0.364708002968
0.380524408585 0.646937452767 0.498947708832 0.485015737595 0.373231885985
0.41375823262 0.664661777829 0.508802610072 0.4950370263 0.391031985475
0.436006136513 0.700681625339 0.5113736623 0.501609525627 0.398061944331
0.45706264691 0.72018090122 0.513617131305 0.505201515255 0.404096486159
