0.05 0.1 0.15 0.2 0.25 0.3 0.35 0.4 0.45 0.5 0.55 0.6 0.65 0.7 0.75 0.8 0.85 0.9 0.95

0.226933935547 0.231386172455 0.22794313403 0.228017448728 0.227656509704
0.230014447174 0.239246027664 0.2319404842 0.232072576027 0.231149444137
0.232915708164 0.243360264326 0.236317821843 0.236109678513 0.236298833793
0.236892226555 0.250982918285 0.244671895969 0.244719470564 0.244224127169
0.241271192055 0.25522248534 0.252757375984 0.251557151596 0.252784256511
0.245908397061 0.259374177543 0.254522801274 0.252225181744 0.254361771786
0.253259605305 0.264831795289 0.271181558448 0.263450074372 0.264452416354
0.248019106876 0.298866028111 0.263424808918 0.256599707884 0.261580819445
0.256505328571 0.270048320974 0.269233479403 0.266337405037 0.267059788753
0.2905396208 0.284490286063 0.351995564839 0.335030210755 0.305620511926
0.291354354794 0.331347931818 0.371977986979 0.365604411582 0.316863917096
0.311600729509 0.379697859584 0.395908080588 0.387340909014 0.355639472996
0.314174714029 0.402101643694 0.413090217272 0.410846607006 0.372617262596
0.354596030526 0.413625896646 0.438974843285 0.443743537924 0.408650303036
0.356319682194 0.424618950087 0.457699252844 0.458853262329 0.423102832517
0.389818856984 0.433190144815 0.474684537522 0.471992524962 0.443012186418
0.421928487212 0.449093880404 0.494279554324 0.492143479884 0.460737973929
0.444455452949 0.455477301872 0.505846800846 0.496084902024 0.472328443357
0.467522803396 0.447399272434 0.516090444047 0.504878328856 0.498815280123
