0.05 0.1 0.15 0.2 0.25 0.3 0.35 0.4 0.45 0.5 0.55 0.6 0.65 0.7 0.75 0.8 0.85 0.9 0.95

0.22680082771 0.231216798356 0.22803310719 0.227996230559 0.227589563237
0.229454459858 0.241101303215 0.233157951284 0.231422597414 0.229563342057
0.233170311344 0.244880463627 0.238576203898 0.235443648786 0.233580899056
0.235550243203 0.25158608691 0.246629284668 0.244447731135 0.240795607442
0.241428401913 0.255923298906 0.252473813176 0.251227599454 0.247375952997
0.245066854144 0.260517745121 0.254816258675 0.25156847584 0.249172948581
0.254347861137 0.267119006669 0.273029113285 0.270685121678 0.260474030255
0.254604740102 0.294203516892 0.2678343604 0.264960795221 0.254324937119
0.254563617607 0.279238285598 0.273170264475 0.275088247606 0.258439867062
0.279936324804 0.291513265642 0.36357624305 0.35229574478 0.319224251055
0.285746875709 0.347832335573 0.384524227265 0.372302948794 0.329151332877
0.310156783309 0.391894871023 0.408689798475 0.387878575581 0.347300106817
0.305914600054 0.418045933965 0.428970169777 0.409234971051 0.357161950403
0.344631392397 0.429141040624 0.455482019347 0.436203412046 0.390716800558
0.347594650646 0.446642383302 0.467122467415 0.450219652788 0.407045645485
0.406032837796 0.460779693426 0.47702062674 0.457644119252 0.434527401449
0.448118232056 0.468539992885 0.488862887485 0.464614920042 0.45610055874
0.440884168904 0.477695662233 0.497813054341 0.466866910491 0.470869853778
0.442515828217 0.48582307256 0.502967151709 0.46892881064 0.478125909969
