0.05 0.1 0.15 0.2 0.25 0.3 0.35 0.4 0.45 0.5 0.55 0.6 0.65 0.7 0.75 0.8 0.85 0.9 0.95

0.728195937873 0.822749476622 0.825540823447 0.825540823447
0.715352449223 0.819260293091 0.825540823447 0.825540823447
0.707885304659 0.81577110956 0.825540823447 0.825540823447
0.709378733572 0.810886252617 0.825540823447 0.825540823447
0.695639187575 0.807397069086 0.825540823447 0.825540823447
0.697132616487 0.799023028611 0.825540823447 0.825540823447
0.692353643967 0.794836008374 0.825540823447 0.825540823447
0.675328554361 0.789253314724 0.825540823447 0.825540823447
0.675029868578 0.782274947662 0.825540823447 0.825540823447
0.64247311828 0.764829030007 0.825540823447 0.825540823447
0.643966547192 0.753663642708 0.825540823447 0.825540823447
0.632616487455 0.747383112352 0.825540823447 0.825540823447
0.615890083632 0.729937194696 0.825540823447 0.825540823447
0.600955794504 0.713189113747 0.825540823447 0.825540823447
0.598864994026 0.698534542917 0.825540823447 0.825540823447
0.57945041816 0.697138869505 0.825540823447 0.825540823447
0.586917562724 0.690160502442 0.825540823447 0.825540823447
0.571385902031 0.674808094906 0.825540823447 0.825540823447
0.554659498208 0.667829727844 0.825540823447 0.825540823447
