0.05 0.1 0.15 0.2 0.25 0.3 0.35 0.4 0.45 0.5 0.55 0.6 0.65 0.7 0.75 0.8 0.85 0.9 0.95

0.226251060221 0.22631730941 0.226251060221 0.226251060221
0.226730869149 0.224840093431 0.226251060221 0.226251060221
0.228185205053 0.22629376513 0.226251060221 0.226251060221
0.228521145716 0.230445216625 0.226251060221 0.226251060221
0.230914544265 0.232217915529 0.226251060221 0.226251060221
0.234760676373 0.232825307993 0.226251060221 0.226251060221
0.234327391776 0.229654674188 0.226251060221 0.226251060221
0.238565810139 0.233230593233 0.226251060221 0.226251060221
0.242691684811 0.234827723076 0.226251060221 0.226251060221
0.263720769935 0.239449374446 0.226251060221 0.226251060221
0.268002564285 0.254145892958 0.226251060221 0.226251060221
0.278742342667 0.252521741313 0.226251060221 0.226251060221
0.292593698057 0.266152383257 0.226251060221 0.226251060221
0.314221518312 0.273670218644 0.226251060221 0.226251060221
0.338111468302 0.291747158017 0.226251060221 0.226251060221
0.339693752805 0.289371436862 0.226251060221 0.226251060221
0.340198056298 0.299879249243 0.226251060221 0.226251060221
0.356435412026 0.303697953439 0.226251060221 0.226251060221
0.360874183713 0.316664014888 0.226251060221 0.226251060221
