0.05 0.1 0.15 0.2 0.25 0.3 0.35 0.4 0.45 0.5 0.55 0.6 0.65 0.7 0.75 0.8 0.85 0.9 0.95

0.135732566835 0.140662381526 0.140658478754 0.140672854526 0.135222417065
0.140831746336 0.153202198422 0.153087600731 0.151304318278 0.139624736723
0.144027310455 0.162984754449 0.16233429725 0.157974176042 0.147031666881
0.145818631322 0.170353022294 0.171358103484 0.166194718912 0.150167937177
0.151013549498 0.178083553303 0.185149811286 0.178521509695 0.164325710718
0.158407613985 0.188622911547 0.187801643652 0.179707365012 0.165755495651
0.156270446899 0.203179448551 0.206118724902 0.198297949734 0.177219962365
0.165474761588 0.212937654236 0.213888623364 0.202474694899 0.179571468054
0.162900951153 0.217539688849 0.223120894464 0.213695217768 0.185028550769
0.180804190319 0.22926943608 0.305530454047 0.286361370261 0.239806680312
0.18696453152 0.265220212116 0.317187276484 0.295808198061 0.240685635325
0.190993991187 0.28428666134 0.338377519824 0.308311031152 0.247397195232
0.201729523103 0.288725813617 0.340703924199 0.310151749445 0.248383881383
0.203473205183 0.317753347747 0.373681370776 0.341363810855 0.270989074508
0.207539844317 0.337496938539 0.393457616391 0.366217265975 0.283884378868
0.211859402665 0.350062927834 0.40193432089 0.371976175804 0.286371940088
0.221292316604 0.361652566379 0.407955894136 0.374144956247 0.292253645966
0.228306766162 0.371074499243 0.410341131503 0.378597599286 0.29542103558
0.232553806624 0.37507139256 0.411064422322 0.378911326063 0.295207402031
