0.05 0.1 0.15 0.2 0.25 0.3 0.35 0.4 0.45 0.5 0.55 0.6 0.65 0.7 0.75 0.8 0.85 0.9 0.95

0.25746724781 0.343988335224 0.357592003092 0.354719803408 0.361413222803
0.276384799339 0.396438975184 0.404838745157 0.403952574138 0.405074428938
0.29345144757 0.4059134632 0.413034255852 0.410887962215 0.412003532114
0.287518501177 0.409335591708 0.419287732188 0.413725594944 0.418998626749
0.292574703903 0.420711262228 0.448625649309 0.426895604655 0.429246157569
0.314955235794 0.422932974675 0.451013911628 0.427662362557 0.436753471622
0.334209029517 0.43269971058 0.472611973365 0.440923503329 0.461930784387
0.320583364496 0.459152858216 0.529411764706 0.463102918394 0.500683482966
0.334878371456 0.609405982597 0.65514120601 0.620668524902 0.620451695823
0.385745216405 0.615213230973 0.716613821125 0.653742815573 0.656894693344
0.379045512109 0.688821989611 0.794433463326 0.743604327783 0.697089776666
0.395345402438 0.728124617014 0.835304173488 0.761296323647 0.752981399836
0.438616944721 0.779525678534 0.874955612888 0.832526247317 0.81137127109
0.464614437046 0.802606976868 0.908670963444 0.90976453619 0.859950412132
0.472869654299 0.817816436901 0.917325271901 0.913145812842 0.864145583443
0.467901440185 0.823180599768 0.920737973057 0.917149294677 0.868670712048
0.485376606971 0.831552087687 0.926369244209 0.924288942031 0.870656740713
0.485678282211 0.838914849021 0.930284737433 0.927205136021 0.866056193298
0.516314031355 0.888571850558 0.934476766293 0.927302551984 0.870713304821
