0.35 0.4 0.45 0.5 0.55 0.6 0.65 0.7 0.75 0.8 0.85 0.9 0.95

0.408664660225 0.387137652463 0.346269602408 0.386662442579 0.35989228576 0.365119594488
0.398542689688 0.312846507207 0.300966260098 0.312688103913 0.304926342468 0.332488515761
0.38905433233 0.301124663393 0.289561222873 0.302075083162 0.274671313163 0.315222556629
0.384840804689 0.287977189926 0.276096942816 0.275146523048 0.256454934263 0.310312054491
0.346934896246 0.285125930619 0.265483922066 0.219071756693 0.195152859179 0.272453667036
0.335070489466 0.266751148424 0.256771740852 0.193093616347 0.176778076984 0.26231585617
0.327182005386 0.260256613338 0.25106922224 0.174402027562 0.169808332013 0.259306193569
0.311737684144 0.250118802471 0.2431490575 0.162521780453 0.158244891494 0.250435609061
0.307619198479 0.240456201489 0.233961666403 0.15713606843 0.15349279265 0.247584349754
0.30061777285 0.228100744495 0.224140662126 0.152859179471 0.148740693806 0.24346586409
0.299904958023 0.223665452241 0.219705369872 0.150641533344 0.146047837795 0.242357041026
0.291541264058 0.218913353398 0.214319657849 0.14953271028 0.145097418026 0.241406621258
0.290369079677 0.212102011722 0.207825122763 0.149215903691 0.144622208142 0.241248217963
