0.3 0.35 0.4 0.45 0.5 0.55 0.6 0.65 0.7 0.75 0.8 0.85 0.9 0.95

0.418422303184 0.403453191826 0.389830508475 0.401552352289 0.390147315064
0.409266592745 0.392840171076 0.345794392523 0.358625059401 0.338824647553
0.399635672422 0.318390622525 0.300015840329 0.30334230952 0.284967527325
0.388499920798 0.302867099636 0.288293996515 0.272770473626 0.262791066054
0.383842863932 0.286709963567 0.274037699984 0.25471249802 0.242515444321
0.347584349754 0.270711230794 0.259306193569 0.190400760336 0.193885632821
0.334975447489 0.261207033106 0.250118802471 0.171233961666 0.181054965943
0.32825914779 0.253603674956 0.244733090448 0.163472200222 0.177094883574
0.313812767306 0.245208300333 0.238555361952 0.151591953113 0.168857912245
0.307270711231 0.234120069697 0.22857595438 0.146998257564 0.165848249644
0.30183747822 0.223823855536 0.218596546808 0.142404562015 0.162680183748
0.297782353873 0.218438143513 0.213210834785 0.139236496119 0.160145731031
0.292048154602 0.214953271028 0.21004276889 0.138127673056 0.159670521147
0.290068113417 0.21004276889 0.205607476636 0.137652463171 0.159512117852
