0.2 0.3 0.4 0.5 0.6 0.7 0.8 0.9

0.444498792909 0.548783403969 0.452185052653 0.461952473758
0.452564496657 0.555812113666 0.48762223796 0.476499730817
0.457895388594 0.565138875401 0.559641416264 0.492986994572
0.488932036379 0.569317905109 0.653780300716 0.518561048206
0.491927432634 0.576310383256 0.689903280296 0.519327621627
0.503412529312 0.576628202445 0.715324602544 0.521564247049
0.523545514736 0.579753581847 0.731083483128 0.522240665106
0.528809244797 0.582785932837 0.73462379924 0.522370345168
