0.3 0.35 0.4 0.45 0.5 0.55 0.6 0.65 0.7 0.75 0.8 0.85 0.9 0.95

0.349744572158 0.271392081737 0.229885057471 0.275223499361 0.259259259259
0.337867177522 0.2656449553 0.199872286079 0.218390804598 0.210727969349
0.331481481481 0.229885057471 0.181992337165 0.208173690932 0.205619412516
0.326245210728 0.212643678161 0.174329501916 0.197318007663 0.201149425287
0.324712643678 0.197956577267 0.167943805875 0.196679438059 0.200510855683
0.30159642401 0.187739463602 0.16091954023 0.157726692209 0.173052362708
0.298084291188 0.177522349936 0.153895274585 0.152618135377 0.171775223499
0.291379310345 0.167943805875 0.146232439336 0.149425287356 0.169859514687
0.290293742018 0.159642401022 0.143039591315 0.141123882503 0.162835249042
0.288697318008 0.156449553001 0.139846743295 0.139846743295 0.162196679438
0.28588761175 0.154533844189 0.138569604087 0.137931034483 0.161558109834
0.284291187739 0.152618135377 0.13601532567 0.137931034483 0.161558109834
0.27975734355 0.15006385696 0.133461047254 0.136653895275 0.161558109834
0.280842911877 0.14367816092 0.128991060026 0.136653895275 0.161558109834
