0.35 0.4 0.45 0.5 0.55 0.6 0.65 0.7 0.75 0.8 0.85 0.9 0.95

0.557755340909 0.592857660965 0.606378412023 0.586112012135 0.586267231382 0.585876977605
0.557100080947 0.599048152168 0.614506133043 0.589695339608 0.593532401791 0.589966604905
0.561074026354 0.618662500764 0.632072735882 0.606709439795 0.609715542971 0.599221123062
0.562306264508 0.625363666637 0.652049334306 0.608586846671 0.61301696248 0.600300444807
0.581010839746 0.662665001911 0.672801775865 0.655554261891 0.667585912353 0.620208374523
0.580777121045 0.671297021298 0.680405647539 0.660634742228 0.673217154103 0.621462987086
0.585884916314 0.67631519116 0.694280793594 0.663641398791 0.677032468264 0.622314119187
0.594859609501 0.697285655555 0.706696852571 0.682704601983 0.691634434497 0.624985289219
0.59584362225 0.705730615529 0.718397633193 0.686743249653 0.695437424336 0.625351035816
0.60035236857 0.713201696805 0.72454616942 0.693091553288 0.699954167841 0.626640246787
0.601923504261 0.720757814588 0.734350992849 0.696711612151 0.703501782119 0.627021304019
0.605505146987 0.725784773356 0.744883743077 0.69838064772 0.705091780936 0.627350832947
0.603847010478 0.726934488041 0.751748682441 0.699707221474 0.705236007299 0.627406002317
