0.35 0.4 0.45 0.5 0.55 0.6 0.65 0.7 0.75 0.8 0.85 0.9 0.95

0.641516916066 0.647091761315 0.727527151503 0.656224777661 0.714153348802
0.660661610274 0.794747550895 0.81106555438 0.800375712209 0.819226251029
0.668500704943 0.798276942621 0.818597113252 0.803945996288 0.847653274476
0.678297564951 0.810002757249 0.837468108836 0.835917526366 0.869959111033
0.718975124909 0.844549147878 0.866703207189 0.90134531058 0.929204099529
0.731460719849 0.869279560801 0.877709103987 0.925136207569 0.946010449137
0.739341780012 0.871041334029 0.880826766369 0.949386272855 0.952713139375
0.756253726193 0.874515633593 0.886342454455 0.956498273983 0.959896959693
0.760780598448 0.88443321861 0.901058263872 0.964108820636 0.965125746936
0.763088916387 0.918060969374 0.921032745097 0.966512948464 0.967526960348
0.765506854911 0.919633762215 0.922648518781 0.967942846427 0.96921430068
0.773831194266 0.921316984776 0.925111440245 0.968593746564 0.96982506976
0.776221652653 0.923452331547 0.927214948824 0.968855171736 0.970220319722
