0.4 0.45 0.5 0.55 0.6 0.65 0.7 0.75 0.8 0.85 0.9 0.95

0.574862853634 0.665672438959 0.708332628733 0.63900147758 0.63813791606
0.577178690971 0.686533485202 0.730620683477 0.650580485541 0.649014600975
0.59810111151 0.725364323452 0.753782008443 0.709219304556 0.707896730183
0.598193195415 0.73687021465 0.765256712219 0.709707453375 0.709688492473
0.601439877187 0.748691135128 0.77639608732 0.71381988931 0.714280915188
0.602138895328 0.755306487841 0.788006660244 0.714328057229 0.715853313474
0.609758153204 0.770131032824 0.801419067903 0.722060880841 0.725939642629
0.615215733048 0.778267010367 0.806771470023 0.723157521942 0.72822578052
0.615781634522 0.782742078154 0.813210105992 0.722185623242 0.728601131683
0.618599938896 0.788492185399 0.81855144604 0.72610424167 0.729432256098
0.622186584144 0.798616711285 0.823725587777 0.725958883349 0.729432256098
0.617972137795 0.803763900711 0.829671536605 0.72551558761 0.729432256098
