0.2 0.3 0.4 0.5 0.6 0.7 0.8 0.9

0.619287727496 0.639575066658 0.62428782571 0.633922294484
0.624627815496 0.645789378065 0.648303490089 0.64717090385
0.632621803933 0.653784394326 0.696525674756 0.662326979752
0.662120636023 0.657840880168 0.756506522811 0.686741066416
0.672849620715 0.662004309737 0.804332835144 0.687592578174
0.67872048293 0.665369163464 0.847765254323 0.689921811862
0.683579460982 0.667741904215 0.870363529235 0.690513761504
0.692442725071 0.669530260071 0.874251076317 0.690588853679
