0.4 0.45 0.5 0.55 0.6 0.65 0.7 0.75 0.8 0.85 0.9 0.95

0.420850708924 0.325688073394 0.320266889074 0.286488740617 0.323185988324
0.417180984153 0.305671392827 0.305671392827 0.273978315263 0.306088407006
0.384820683903 0.296914095079 0.296914095079 0.218932443703 0.236030025021
0.377981651376 0.282735613011 0.281484570475 0.217681401168 0.224353628023
0.36880733945 0.271476230192 0.27189324437 0.211009174312 0.212677231026
0.364678899083 0.265221017515 0.268140116764 0.208090075063 0.209758131776
0.355671392827 0.26105087573 0.263135946622 0.211009174312 0.202668890742
0.353044203503 0.254378648874 0.256880733945 0.208507089241 0.200166805671
0.351459549625 0.250625521268 0.249374478732 0.209341117598 0.20058381985
0.346538782319 0.249791492911 0.245204336947 0.208507089241 0.199332777314
0.340617180984 0.248957464554 0.241034195163 0.207256046706 0.199332777314
0.345454545455 0.24437030859 0.237698081735 0.207256046706 0.199332777314
