0.15 0.2 0.25 0.3 0.35 0.4 0.45 0.5 0.55 0.6 0.65 0.7 0.75 0.8 0.85 0.9 0.95

0.27947454844 0.265540699038 0.252638986629 0.260614590664 0.25240441004
0.274079286887 0.24607084213 0.228243021346 0.226600985222 0.212057236688
0.266549378372 0.233638282899 0.21768707483 0.194229415904 0.180858550317
0.260755336617 0.212057236688 0.201266713582 0.172882946282 0.176401595121
0.253319258738 0.205723668778 0.194698569083 0.157400891391 0.152943936195
0.243302838377 0.187661271405 0.183673469388 0.147079521464 0.146141215107
0.240792868872 0.183204316209 0.179216514192 0.142857142857 0.144733755571
0.227586206897 0.178512784424 0.174759558996 0.114473375557 0.120337790289
0.226624442881 0.173117522871 0.1703026038 0.113300492611 0.11986863711
0.22291813277 0.167018531551 0.164438189069 0.109078114004 0.119399483932
0.222167487685 0.16091954023 0.16091954023 0.108139807647 0.119164907342
0.218062397373 0.15787004457 0.15787004457 0.105324888576 0.118226600985
0.215341308937 0.155993431856 0.155993431856 0.103682852451 0.117757447807
0.211306591602 0.153178512784 0.153178512784 0.102979122684 0.117288294628
0.211775744781 0.150129017124 0.150129017124 0.102979122684 0.117288294628
0.210110250997 0.148721557589 0.148721557589 0.102509969505 0.117053718039
0.210110250997 0.146610368285 0.146610368285 0.102509969505 0.117053718039
