0.2 0.3 0.4 0.5 0.6 0.7 0.8 0.9

0.460447761194 0.352798507463 0.454850746269 0.444962686567
0.453171641791 0.346455223881 0.429850746269 0.431343283582
0.447388059701 0.338992537313 0.377611940299 0.414552238806
0.41697761194 0.336007462687 0.309328358209 0.387873134328
0.413059701493 0.332276119403 0.290858208955 0.386567164179
0.404104477612 0.332649253731 0.267537313433 0.383955223881
0.386194029851 0.330223880597 0.257462686567 0.38302238806
0.384141791045 0.327798507463 0.254850746269 0.382835820896
