0.3 0.35 0.4 0.45 0.5 0.55 0.6 0.65 0.7 0.75 0.8 0.85 0.9 0.95

0.615968853715 0.66377329589 0.683686494766 0.68943068675 0.711258616288
0.623895838652 0.714066887924 0.738703089099 0.728363543528 0.750191473066
0.631465407199 0.742149604289 0.755169772785 0.75248914986 0.755169772785
0.640311462854 0.759892775083 0.768317589992 0.77125351034 0.768828184835
0.645902476385 0.77304059229 0.780061271381 0.779040081695 0.772785294869
0.665241256063 0.781976002042 0.787209599183 0.817079397498 0.805973959663
0.66900689303 0.789124329844 0.79346438601 0.820270615267 0.806612203217
0.675708450345 0.796783252489 0.800740362522 0.825248914986 0.809037528721
0.680673985193 0.803293336737 0.806356905795 0.830482512127 0.811462854225
0.684222619352 0.808526933878 0.810824610671 0.832141945366 0.811590502936
0.686558590758 0.812739341333 0.814654071994 0.835333163135 0.8123563952
0.689800868011 0.816441153944 0.818611182027 0.836354352821 0.812611692622
0.688626499872 0.820653561399 0.822823589482 0.836737298953 0.812866990043
0.690464641307 0.825248914986 0.826908348226 0.836992596375 0.812866990043
