0.5 0.55 0.6 0.65 0.7 0.75 0.8 0.85 0.9 0.95

0.293388010484 0.189397142132 0.178405343705 0.162678616724 0.167836306756
0.289684619937 0.173501310561 0.166652574617 0.158028240467 0.166145260844
0.283867422001 0.165130633297 0.15853555424 0.152109579775 0.163355035089
0.281973450579 0.156083537668 0.149826667794 0.148051069587 0.16200219836
0.275217722161 0.149657563203 0.143738902511 0.14145599053 0.158281897354
0.270127673966 0.141963304304 0.136636509681 0.138834869367 0.156675403737
0.269079225501 0.136890166568 0.131986133424 0.136890166568 0.15566077619
0.268275978693 0.132070685719 0.127673966348 0.136382852794 0.155322567008
0.265553394775 0.125391054367 0.123446351568 0.135368225247 0.154984357825
0.264378117866 0.122347171726 0.120402468927 0.134860911474 0.154646148643
