0.3 0.35 0.4 0.45 0.5 0.55 0.6 0.65 0.7 0.75 0.8 0.85 0.9 0.95

0.562375745527 0.578031809145 0.592279655401 0.580019880716 0.591948310139
0.571951623592 0.589131875414 0.638336646786 0.624917163685 0.645626242545
0.582024519549 0.666998011928 0.686216037111 0.682736911862 0.701954937044
0.5936713055 0.683233929755 0.698475811796 0.714711729622 0.725149105368
0.598542080848 0.700132538105 0.713386348575 0.733598409543 0.746355202121
0.636464546057 0.716865473824 0.728793903247 0.800861497681 0.797216699801
0.649652087475 0.726805831677 0.738402915838 0.820907886017 0.810636182903
0.656676607025 0.734758117959 0.744035785288 0.82902584493 0.814777998675
0.671785950961 0.743538767396 0.750497017893 0.841451292247 0.82339297548
0.678628230616 0.755135851557 0.760934393638 0.846255798542 0.826540755467
0.684310801856 0.765904572565 0.771371769384 0.851060304838 0.829854208085
0.688552021206 0.771537442015 0.777004638834 0.854373757455 0.832504970179
0.694549370444 0.775182239894 0.780318091451 0.855533465871 0.833001988072
0.69662027833 0.780318091451 0.784956925116 0.856030483764 0.833167660702
