0.4 0.45 0.5 0.55 0.6 0.65 0.7 0.75 0.8 0.85 0.9 0.95

0.575985663082 0.547789725209 0.532556750299 0.529569892473 0.515531660693
0.57004181601 0.514336917563 0.492532855436 0.490740740741 0.466547192354
0.553434886499 0.506272401434 0.476105137395 0.431302270012 0.415471923536
0.548835125448 0.472520908005 0.443847072879 0.391577060932 0.387694145759
0.542084826762 0.441457586619 0.430704898447 0.368279569892 0.376642771804
0.535752688172 0.424731182796 0.414575866189 0.353046594982 0.351254480287
0.523954599761 0.41009557945 0.401135005974 0.327956989247 0.330346475508
0.516188769415 0.402031063321 0.39366786141 0.308542413381 0.319295101553
0.507437275986 0.391577060932 0.385603345281 0.299581839904 0.318399044205
0.493100358423 0.384109916368 0.380227001195 0.285244922342 0.311529271207
0.487275985663 0.376941457587 0.373058542413 0.275089605735 0.308243727599
0.481750298686 0.36798088411 0.364097968937 0.269414575866 0.307646356033
