0.35 0.4 0.45 0.5 0.55 0.6 0.65 0.7 0.75 0.8 0.85 0.9 0.95

0.552444829078 0.605365642579 0.653829511034 0.624405019472 0.656858502813
0.558978797058 0.608394634357 0.684119428819 0.661618347036 0.685850281264
0.565426222415 0.644309822588 0.704456945045 0.712245781047 0.721765469494
0.578191259195 0.66681090437 0.724361748161 0.732150584163 0.729554305495
0.605192557334 0.690177412376 0.739506707053 0.79575941151 0.779749026395
0.609000432713 0.717871051493 0.750324534833 0.804413673734 0.785807009952
0.61813067936 0.728688879273 0.75984422328 0.816529640848 0.791432280398
0.629294677629 0.738641280831 0.770229337949 0.825183903072 0.796624837733
0.631155344007 0.75638251839 0.779749026395 0.827347468628 0.797490263955
0.637732583297 0.770229337949 0.78840328862 0.83167459974 0.7992211164
0.641237559498 0.776720034617 0.794461272177 0.833838165296 0.799653829511
0.641280830809 0.792730419732 0.800519255733 0.834703591519 0.799653829511
0.641886629165 0.798355690177 0.806144526179 0.83513630463 0.799653829511
