0.3 0.35 0.4 0.45 0.5 0.55 0.6 0.65 0.7 0.75 0.8 0.85 0.9 0.95

0.372985370692 0.326555913712 0.307215472353 0.301636498884 0.280436399702
0.365286387305 0.277708901562 0.25378130424 0.263823456484 0.242623357302
0.357934540045 0.250433920159 0.237788246963 0.240391767915 0.237788246963
0.349342920903 0.233201090999 0.225018596578 0.22216712125 0.224522687825
0.34391272006 0.220431440615 0.213612695264 0.21460451277 0.220679394991
0.325130176048 0.211753037441 0.206669972725 0.177659310687 0.18844532606
0.321472848996 0.204810314902 0.200595090503 0.174559880982 0.187825440119
0.314964046615 0.19737168361 0.193528390776 0.169724770642 0.185469873543
0.310141333995 0.191048847012 0.188073394495 0.164641705926 0.183114306968
0.306694768163 0.185965782296 0.183734192909 0.16303000248 0.182990329779
0.304425985619 0.181874535086 0.180014877263 0.159930572775 0.18224646665
0.301276965038 0.178279196628 0.176171584428 0.158938755269 0.181998512274
0.30241755517 0.174187949417 0.172080337218 0.158566823704 0.181750557897
0.30063228366 0.169724770642 0.168113067196 0.158318869328 0.181750557897
