0.4 0.45 0.5 0.55 0.6 0.65 0.7 0.75 0.8 0.85 0.9 0.95

0.380384311365 0.421356800521 0.434131668667 0.401303868599 0.401966197338
0.381375033912 0.429323569486 0.451296492615 0.40658171553 0.40891486721
0.391301025256 0.435212299827 0.460629292805 0.461527709875 0.474815315798
0.392713017285 0.473442826211 0.490949250332 0.469141135508 0.483746420305
0.397710616294 0.481627573735 0.501841761969 0.479515936999 0.495546428072
0.394740647669 0.49555213796 0.519662915018 0.482871288576 0.498846756158
0.40440051551 0.521356236579 0.539736873764 0.512112955816 0.52309232322
0.410848192191 0.537441811739 0.555625425049 0.532390857504 0.537502559175
0.414850848511 0.549169434705 0.576678311575 0.534432462371 0.541717207011
0.419930599266 0.560283997728 0.587523641762 0.539023443309 0.54785118041
0.422469052788 0.565420986268 0.593000584029 0.540876791 0.550625750231
0.425866482776 0.571262479406 0.600308731445 0.541969990509 0.551749434553
