0.35 0.4 0.45 0.5 0.55 0.6 0.65 0.7 0.75 0.8 0.85 0.9 0.95

0.408015206716 0.35593220339 0.347695232061 0.343259939807 0.360684302233
0.39968319341 0.312212894028 0.304134325994 0.301599873277 0.306510375416
0.390907650879 0.300174243624 0.295422144781 0.26991921432 0.283225091082
0.382132108348 0.286868366862 0.281641058134 0.2583557738 0.267226358308
0.348598130841 0.282274671313 0.277047362585 0.212260415017 0.212102011722
0.332963725645 0.26627593854 0.262474259465 0.197687311896 0.198004118486
0.328037383178 0.257722160621 0.260890226517 0.191667986694 0.190717566925
0.312878187866 0.257246950737 0.25867258039 0.185648661492 0.181846982417
0.307270711231 0.251544432124 0.253920481546 0.186440677966 0.18327261207
0.302550293046 0.246158720101 0.246792333281 0.185331854903 0.182638998891
0.297243782671 0.245208300333 0.245366703627 0.185173451608 0.180738159354
0.296214161255 0.242357041026 0.242515444321 0.185807064787 0.180738159354
0.290337399018 0.241406621258 0.239188975131 0.184539838429 0.180421352764
