0.2 0.3 0.4 0.5 0.6 0.7 0.8 0.9

0.461194029851 0.351865671642 0.453731343284 0.444962686567
0.456529850746 0.345335820896 0.432462686567 0.431343283582
0.447947761194 0.3375 0.388619402985 0.414552238806
0.420895522388 0.334888059701 0.331902985075 0.387873134328
0.411007462687 0.333582089552 0.298320895522 0.386567164179
0.402985074627 0.331902985075 0.257089552239 0.383955223881
0.398694029851 0.329850746269 0.238992537313 0.38302238806
0.39197761194 0.328544776119 0.237686567164 0.382835820896
