0.15 0.2 0.25 0.3 0.35 0.4 0.45 0.5 0.55 0.6 0.65 0.7 0.75 0.8 0.85 0.9 0.95

0.713536907911 0.727819187305 0.741043520077 0.732868478 0.741283962491
0.719067083434 0.74777590767 0.766049531137 0.767732628036 0.782640057706
0.726785284924 0.760519355614 0.776869439769 0.800913681173 0.814618898774
0.732724212551 0.782640057706 0.793700408752 0.822793940851 0.819187304641
0.740346237076 0.789132002885 0.800432796345 0.838663140178 0.843231546045
0.750613128156 0.807646068767 0.811733589805 0.849242606396 0.850204376052
0.753185861986 0.812214474633 0.816301995672 0.853570569849 0.851647030536
0.766722769897 0.817023322914 0.820870401539 0.882664101948 0.876653041597
0.767708583794 0.822553498437 0.825438807406 0.883866314018 0.877133926425
0.771507573936 0.828805001202 0.831449867757 0.888194277471 0.877614811253
0.772276989661 0.835056503967 0.835056503967 0.889156047127 0.877855253667
0.776484731907 0.83818225535 0.83818225535 0.892041356095 0.878817023323
0.77927386391 0.840105794662 0.840105794662 0.893724452994 0.879297908151
0.783409473431 0.842991103631 0.842991103631 0.894445780236 0.879778792979
0.782928588603 0.846116855013 0.846116855013 0.894445780236 0.879778792979
0.784635729743 0.847559509497 0.847559509497 0.894926665064 0.880019235393
0.784635729743 0.849723491224 0.849723491224 0.894926665064 0.880019235393
