0.35 0.4 0.45 0.5 0.55 0.6 0.65 0.7 0.75 0.8 0.85 0.9 0.95

0.431317764804 0.380316930776 0.333611342786 0.361968306922 0.330692243536
0.425020850709 0.377397831526 0.304420350292 0.326105087573 0.302752293578
0.41880733945 0.342785654712 0.284820683903 0.277314428691 0.268140116764
0.406505421184 0.321100917431 0.265638031693 0.25813177648 0.260633861551
0.380483736447 0.298582151793 0.251042535446 0.196830692244 0.212260216847
0.376814011676 0.27189324437 0.240617180984 0.188490408674 0.206422018349
0.36801501251 0.261467889908 0.231442869058 0.176814011676 0.201000834028
0.357256046706 0.251876563803 0.221434528774 0.168473728107 0.195996663887
0.355462885738 0.234778982485 0.212260216847 0.166388657214 0.19516263553
0.349124270225 0.221434528774 0.203919933278 0.16221851543 0.193494578816
0.345746455379 0.215179316097 0.198081734779 0.160133444537 0.193077564637
0.345704753962 0.199749791493 0.19224353628 0.15929941618 0.193077564637
0.345120934112 0.194328607173 0.18682235196 0.158882402002 0.193077564637
