0.4 0.45 0.5 0.55 0.6 0.65 0.7 0.75 0.8 0.85 0.9 0.95

0.576164874552 0.525388291517 0.52688172043 0.526583034648 0.533154121864
0.571684587814 0.497311827957 0.490740740741 0.493727598566 0.494623655914
0.555764635603 0.479689366786 0.478195937873 0.429808841099 0.436379928315
0.549342891278 0.450418160096 0.449522102748 0.387395459976 0.400836320191
0.541338112306 0.440262843489 0.442054958184 0.383512544803 0.38321385902
0.534916367981 0.427419354839 0.431899641577 0.372461170848 0.369772998805
0.522162485066 0.420848267622 0.424731182796 0.356033452808 0.358124253286
0.512992831541 0.424432497013 0.427718040621 0.339605734767 0.33990442055
0.50513739546 0.417562724014 0.425029868578 0.336320191159 0.334826762246
0.492204301075 0.412783751493 0.418160095579 0.333632019116 0.325866188769
0.48596176822 0.404121863799 0.409498207885 0.330346475508 0.315113500597
0.476015531661 0.397849462366 0.402927120669 0.330346475508 0.312126642772
