0.35 0.4 0.45 0.5 0.55 0.6 0.65 0.7 0.75 0.8 0.85 0.9 0.95

0.409139870109 0.353397750673 0.345794392523 0.338824647553 0.358625059401 0.365119594488
0.399334706162 0.306668778711 0.300015840329 0.284967527325 0.30334230952 0.332488515761
0.390083953746 0.294313321717 0.288293996515 0.262791066054 0.272770473626 0.315222556629
0.383367654047 0.280057025186 0.274037699984 0.242515444321 0.25471249802 0.310312054491
0.347220022176 0.265167115476 0.259306193569 0.193885632821 0.190400760336 0.272453667036
0.335118010455 0.252811658482 0.250118802471 0.181054965943 0.171233961666 0.26231585617
0.329019483605 0.246000316807 0.244733090448 0.177094883574 0.163472200222 0.259306193569
0.314082052907 0.23982258831 0.238555361952 0.168857912245 0.151591953113 0.250435609061
0.308759702202 0.229843180738 0.22857595438 0.165848249644 0.146998257564 0.247584349754
0.302708696341 0.219863773166 0.218596546808 0.162680183748 0.142404562015 0.24346586409
0.297940757168 0.213844447965 0.213210834785 0.160145731031 0.139236496119 0.242357041026
0.292824330746 0.210676382069 0.21004276889 0.159670521147 0.138127673056 0.241406621258
0.291953112625 0.20608268652 0.205607476636 0.159512117852 0.137652463171 0.241248217963
