0.3 0.35 0.4 0.45 0.5 0.55 0.6 0.65 0.7 0.75 0.8 0.85 0.9 0.95

0.675627615063 0.743723849372 0.743723849372 0.757322175732 0.77719665272
0.6910041841 0.766736401674 0.766736401674 0.790794979079 0.81589958159
0.706276150628 0.778242677824 0.778242677824 0.812761506276 0.826359832636
0.716422594142 0.789748953975 0.789748953975 0.82949790795 0.830543933054
0.721548117155 0.803347280335 0.803347280335 0.835774058577 0.832635983264
0.746025104603 0.810669456067 0.810669456067 0.873430962343 0.869246861925
0.750313807531 0.817991631799 0.817991631799 0.875523012552 0.870292887029
0.754184100418 0.824267782427 0.824267782427 0.878661087866 0.870292887029
0.765585774059 0.82949790795 0.82949790795 0.889121338912 0.876569037657
0.770606694561 0.837866108787 0.837866108787 0.889121338912 0.876569037657
0.773326359833 0.84309623431 0.84309623431 0.891213389121 0.877615062762
0.775732217573 0.845188284519 0.845188284519 0.892259414226 0.877615062762
0.772907949791 0.850418410042 0.850418410042 0.892259414226 0.877615062762
0.774581589958 0.853556485356 0.853556485356 0.892259414226 0.877615062762
