0.3 0.35 0.4 0.45 0.5 0.55 0.6 0.65 0.7 0.75 0.8 0.85 0.9 0.95

0.31041041041 0.245245245245 0.245245245245 0.232232232232 0.213213213213
0.295695695696 0.223223223223 0.223223223223 0.2002002002 0.176176176176
0.281081081081 0.212212212212 0.212212212212 0.179179179179 0.166166166166
0.271371371371 0.201201201201 0.201201201201 0.163163163163 0.162162162162
0.266466466466 0.188188188188 0.188188188188 0.157157157157 0.16016016016
0.243043043043 0.181181181181 0.181181181181 0.121121121121 0.125125125125
0.238938938939 0.174174174174 0.174174174174 0.119119119119 0.124124124124
0.235235235235 0.168168168168 0.168168168168 0.116116116116 0.124124124124
0.224324324324 0.163163163163 0.163163163163 0.106106106106 0.118118118118
0.21951951952 0.155155155155 0.155155155155 0.106106106106 0.118118118118
0.216916916917 0.15015015015 0.15015015015 0.104104104104 0.117117117117
0.214614614615 0.148148148148 0.148148148148 0.103103103103 0.117117117117
0.217317317317 0.143143143143 0.143143143143 0.103103103103 0.117117117117
0.215715715716 0.14014014014 0.14014014014 0.103103103103 0.117117117117
