0.3 0.35 0.4 0.45 0.5 0.55 0.6 0.65 0.7 0.75 0.8 0.85 0.9 0.95

0.638720316623 0.719656992084 0.76253298153 0.715699208443 0.732189973615
0.65098944591 0.725593667546 0.793535620053 0.774406332454 0.782321899736
0.657585751979 0.76253298153 0.812005277045 0.784960422164 0.787598944591
0.662994722955 0.780343007916 0.819920844327 0.79617414248 0.792216358839
0.664577836412 0.795514511873 0.826517150396 0.796833773087 0.792875989446
0.68845646438 0.806068601583 0.833773087071 0.837071240106 0.821240105541
0.692084432718 0.816622691293 0.841029023747 0.84234828496 0.822559366755
0.69901055409 0.826517150396 0.848944591029 0.845646437995 0.824538258575
0.700131926121 0.835092348285 0.852242744063 0.854221635884 0.831794195251
0.701781002639 0.838390501319 0.855540897098 0.855540897098 0.832453825858
0.704683377309 0.84036939314 0.856860158311 0.857519788918 0.833113456464
0.706332453826 0.84234828496 0.859498680739 0.857519788918 0.833113456464
0.711015831135 0.844986807388 0.862137203166 0.858839050132 0.833113456464
0.709894459103 0.851583113456 0.866754617414 0.858839050132 0.833113456464
