0.35 0.4 0.45 0.5 0.55 0.6 0.65 0.7 0.75 0.8 0.85 0.9 0.95

0.64020485835 0.647091761315 0.727527151503 0.654318067931 0.692901536477
0.660930231883 0.794747550895 0.81106555438 0.799606073815 0.749486272707
0.669450160034 0.798276942621 0.818597113252 0.802622065669 0.7677446786
0.677917426222 0.810002757249 0.837468108836 0.832536816593 0.773915324593
0.718553611314 0.844549147878 0.866703207189 0.909592634149 0.811707797825
0.729328976333 0.869279560801 0.877709103987 0.933771055884 0.823648455962
0.73976536001 0.871041334029 0.880826766369 0.951010095068 0.82771764797
0.753343679572 0.874515633593 0.886342454455 0.956790869754 0.83663075733
0.759903064423 0.88443321861 0.901058263872 0.964147527537 0.839707759331
0.761767611366 0.918060969374 0.921032745097 0.966485735346 0.843435380257
0.76882506217 0.919633762215 0.922648518781 0.967836996125 0.844340056623
0.770955516008 0.921316984776 0.925111440245 0.968273005695 0.844934473522
0.777213464167 0.923452331547 0.927214948824 0.968583984594 0.845032507962
