0.35 0.4 0.45 0.5 0.55 0.6 0.65 0.7 0.75 0.8 0.85 0.9 0.95

0.572548045063 0.630384360504 0.638336646786 0.645626242545 0.624917163685 0.618124585818
0.58267064281 0.679257786614 0.686216037111 0.701954937044 0.682736911862 0.65225314778
0.593157720345 0.692180251822 0.698475811796 0.725149105368 0.714711729622 0.670311464546
0.599420145792 0.707090788602 0.713386348575 0.746355202121 0.733598409543 0.675447316103
0.634526176276 0.722664015905 0.728793903247 0.797216699801 0.800861497681 0.715043074884
0.649801192843 0.735586481113 0.738402915838 0.810636182903 0.820907886017 0.72564612326
0.654589131875 0.742710404241 0.744035785288 0.814777998675 0.82902584493 0.728793903247
0.670559973492 0.749171636846 0.750497017893 0.82339297548 0.841451292247 0.738071570577
0.678263750828 0.759609012591 0.760934393638 0.826540755467 0.846255798542 0.741053677932
0.68422796554 0.770046388337 0.771371769384 0.829854208085 0.851060304838 0.745361166335
0.688684559311 0.77634194831 0.777004638834 0.832504970179 0.854373757455 0.746520874751
0.693952948973 0.779655400928 0.780318091451 0.833001988072 0.855533465871 0.747514910537
0.693870112657 0.784459907223 0.784956925116 0.833167660702 0.856030483764 0.747680583168
