0.35 0.4 0.45 0.5 0.55 0.6 0.65 0.7 0.75 0.8 0.85 0.9 0.95

0.409789323618 0.387137652463 0.346269602408 0.386662442579 0.365119594488
0.39786155552 0.312846507207 0.300966260098 0.311262474259 0.332488515761
0.389592903532 0.301124663393 0.289561222873 0.301441469983 0.315222556629
0.382480595596 0.287977189926 0.276096942816 0.275938539522 0.310312054491
0.346364644385 0.285125930619 0.265483922066 0.211151591953 0.272453667036
0.336923808015 0.266751148424 0.256771740852 0.184381435134 0.26231585617
0.326263266276 0.260256613338 0.25106922224 0.170283541898 0.259306193569
0.313765246317 0.250118802471 0.2431490575 0.161254554095 0.250435609061
0.306890543323 0.240456201489 0.233961666403 0.155710438777 0.247584349754
0.303706637098 0.228100744495 0.224140662126 0.151433549818 0.24346586409
0.297212102012 0.223665452241 0.219705369872 0.149215903691 0.242357041026
0.294091557104 0.218913353398 0.214319657849 0.148265483922 0.241406621258
0.289323617931 0.212102011722 0.207825122763 0.147948677332 0.241248217963
