0.35 0.4 0.45 0.5 0.55 0.6 0.65 0.7 0.75 0.8 0.85 0.9 0.95

0.556638539364 0.592857660965 0.606378412023 0.586225653561 0.585876977605
0.558128874523 0.599048152168 0.614506133043 0.590895606091 0.589966604905
0.562596411963 0.618662500764 0.632072735882 0.606441211645 0.599221123062
0.562798138538 0.625363666637 0.652049334306 0.609031695974 0.600300444807
0.580602742734 0.662665001911 0.672801775865 0.6559737616 0.620208374523
0.58309623559 0.671297021298 0.680405647539 0.658894211416 0.621462987086
0.582030120653 0.67631519116 0.694280793594 0.661548581822 0.622314119187
0.59519473483 0.697285655555 0.706696852571 0.680434565315 0.624985289219
0.597052616715 0.705730615529 0.718397633193 0.682323501024 0.625351035816
0.600291335307 0.713201696805 0.72454616942 0.686863544019 0.626640246787
0.60359402775 0.720757814588 0.734350992849 0.688739416425 0.627021304019
0.60316910327 0.725784773356 0.744883743077 0.69054284356 0.627350832947
0.605833765531 0.726934488041 0.751748682441 0.69059801293 0.627406002317
