0.35 0.4 0.45 0.5 0.55 0.6 0.65 0.7 0.75 0.8 0.85 0.9 0.95

0.409821004277 0.35593220339 0.347695232061 0.341200696974 0.365119594488
0.39879613496 0.312212894028 0.304134325994 0.291937272295 0.332488515761
0.389291937272 0.300174243624 0.295422144781 0.267701568193 0.315222556629
0.383985426897 0.286868366862 0.281641058134 0.251702835419 0.310312054491
0.344939014732 0.282274671313 0.277047362585 0.201488990971 0.272453667036
0.334817044195 0.26627593854 0.262474259465 0.190400760336 0.26231585617
0.327641374941 0.257722160621 0.260890226517 0.186599081261 0.259306193569
0.31184856645 0.257246950737 0.25867258039 0.180262949469 0.250435609061
0.308379534294 0.251544432124 0.253920481546 0.178995723111 0.247584349754
0.303278948202 0.246158720101 0.246792333281 0.177728496753 0.24346586409
0.296879455093 0.245208300333 0.245366703627 0.176619673689 0.242357041026
0.292650087122 0.242357041026 0.242515444321 0.176778076984 0.241406621258
0.289687945509 0.241406621258 0.239188975131 0.176619673689 0.241248217963
