0.35 0.4 0.45 0.5 0.55 0.6 0.65 0.7 0.75 0.8 0.85 0.9 0.95

0.409757642959 0.35593220339 0.347695232061 0.343259939807 0.360684302233 0.365119594488
0.399540630445 0.312212894028 0.304134325994 0.301599873277 0.306510375416 0.332488515761
0.389782987486 0.300174243624 0.295422144781 0.26991921432 0.283225091082 0.315222556629
0.381862822747 0.286868366862 0.281641058134 0.2583557738 0.267226358308 0.310312054491
0.345097418026 0.282274671313 0.277047362585 0.212260415017 0.212102011722 0.272453667036
0.338682084587 0.26627593854 0.262474259465 0.197687311896 0.198004118486 0.26231585617
0.32613654364 0.257722160621 0.260890226517 0.191667986694 0.190717566925 0.259306193569
0.312387137652 0.257246950737 0.25867258039 0.185648661492 0.181846982417 0.250435609061
0.310438777127 0.251544432124 0.253920481546 0.186440677966 0.18327261207 0.247584349754
0.302185965468 0.246158720101 0.246792333281 0.185331854903 0.182638998891 0.24346586409
0.297513068272 0.245208300333 0.245366703627 0.185173451608 0.180738159354 0.242357041026
0.294154918422 0.242357041026 0.242515444321 0.185807064787 0.180738159354 0.241406621258
0.293410422937 0.241406621258 0.239188975131 0.184539838429 0.180421352764 0.241248217963
